Converged in 5 iterations.

Bus Voltages:
Bus Number   Real         Imaginary    Magnitude    Angle       
1            1.0000       0.0000       1.0000       0.00        
2            0.9985       0.0000       0.9985       0.00        
3            0.9914       0.0001       0.9914       0.01        
4            0.9877       0.0002       0.9877       0.01        
5            0.9839       0.0002       0.9839       0.01        
6            0.9749       -0.0019      0.9749       -0.11       
7            0.9727       -0.0040      0.9727       -0.24       
8            0.9698       -0.0035      0.9698       -0.21       
9            0.9660       -0.0040      0.9660       -0.24       
10           0.9624       -0.0044      0.9624       -0.26       
11           0.9619       -0.0043      0.9619       -0.26       
12           0.9610       -0.0042      0.9611       -0.25       
13           0.9574       -0.0048      0.9574       -0.29       
14           0.9560       -0.0054      0.9561       -0.32       
15           0.9551       -0.0056      0.9551       -0.34       
16           0.9543       -0.0057      0.9543       -0.34       
17           0.9530       -0.0063      0.9530       -0.38       
18           0.9527       -0.0063      0.9527       -0.38       
19           0.9982       -0.0001      0.9982       -0.00       
20           0.9964       -0.0005      0.9964       -0.03       
21           0.9960       -0.0007      0.9960       -0.04       
22           0.9957       -0.0008      0.9957       -0.05       
23           0.9897       -0.0001      0.9897       -0.00       
24           0.9864       -0.0007      0.9864       -0.04       
25           0.9847       -0.0010      0.9847       -0.06       
26           0.9741       -0.0018      0.9741       -0.11       
27           0.9730       -0.0018      0.9730       -0.11       
28           0.9688       -0.0029      0.9688       -0.17       
29           0.9659       -0.0036      0.9659       -0.21       
30           0.9645       -0.0036      0.9645       -0.21       
31           0.9624       -0.0042      0.9624       -0.25       
32           0.9619       -0.0044      0.9619       -0.26       
33           0.9618       -0.0045      0.9618       -0.27       
34           0.9985       0.0000       0.9985       0.00        
35           0.9906       0.0016       0.9906       0.09        
36           0.9840       0.0029       0.9840       0.17        
37           0.9785       0.0040       0.9785       0.23        
38           0.9742       0.0048       0.9742       0.28        
39           0.9717       0.0053       0.9718       0.31        
40           0.9705       0.0055       0.9705       0.33        
41           0.9897       0.0019       0.9897       0.11        
42           0.9831       0.0032       0.9831       0.19        
43           0.9776       0.0043       0.9776       0.25        
44           0.9723       0.0054       0.9724       0.32        
45           0.9708       0.0056       0.9708       0.33        
46           0.9696       0.0058       0.9696       0.34        
47           0.9897       0.0019       0.9897       0.11        
48           0.9831       0.0032       0.9831       0.19        
49           0.9776       0.0043       0.9776       0.25        
50           0.9733       0.0051       0.9733       0.30        
51           0.9708       0.0056       0.9708       0.33        
52           0.9696       0.0058       0.9696       0.34        
53           0.9914       0.0001       0.9914       0.01        
54           0.9849       0.0017       0.9849       0.10        
55           0.9794       0.0030       0.9794       0.17        
56           0.9752       0.0039       0.9752       0.23        
57           0.9721       0.0046       0.9721       0.27        
58           0.9702       0.0050       0.9702       0.30        
59           0.9840       0.0020       0.9840       0.11        
60           0.9785       0.0033       0.9785       0.19        
61           0.9743       0.0042       0.9743       0.25        
62           0.9712       0.0049       0.9712       0.29        
63           0.9683       0.0057       0.9683       0.34        
64           0.9840       0.0020       0.9840       0.11        
65           0.9785       0.0033       0.9785       0.19        
66           0.9743       0.0042       0.9743       0.25        
67           0.9712       0.0049       0.9712       0.29        
68           0.9693       0.0053       0.9693       0.32        
69           0.9877       0.0002       0.9877       0.01        
70           0.9830       0.0013       0.9830       0.08        
71           0.9795       0.0022       0.9795       0.13        
72           0.9772       0.0028       0.9772       0.16        
73           0.9865       0.0005       0.9865       0.03        
74           0.9822       0.0017       0.9822       0.10        
75           0.9786       0.0025       0.9786       0.15        
76           0.9763       0.0031       0.9763       0.18        
77           0.9857       0.0008       0.9857       0.04        
78           0.9821       0.0016       0.9821       0.10        
79           0.9786       0.0025       0.9786       0.15        
80           0.9763       0.0031       0.9764       0.18        
81           0.9857       0.0008       0.9857       0.05        
82           0.9839       0.0002       0.9839       0.01        
83           0.9786       0.0015       0.9786       0.09        
84           0.9744       0.0025       0.9744       0.15        
85           0.9715       0.0032       0.9715       0.19        
86           0.9697       0.0036       0.9697       0.21        
87           0.9777       0.0018       0.9777       0.11        
88           0.9736       0.0028       0.9736       0.16        
89           0.9706       0.0035       0.9706       0.21        
90           0.9688       0.0039       0.9688       0.23        
91           0.9777       0.0018       0.9777       0.11        
92           0.9736       0.0028       0.9736       0.16        
93           0.9706       0.0035       0.9706       0.21        
94           0.9687       0.0040       0.9687       0.24        
95           0.9749       -0.0019      0.9749       -0.11       
96           0.9694       -0.0005      0.9694       -0.03       
97           0.9658       0.0004       0.9658       0.02        
98           0.9633       0.0010       0.9633       0.06        
99           0.9621       0.0012       0.9621       0.07        
100          0.9684       -0.0002      0.9684       -0.01       
101          0.9685       -0.0002      0.9685       -0.01       
102          0.9625       0.0013       0.9625       0.08        
103          0.9612       0.0015       0.9612       0.09        
104          0.9685       -0.0002      0.9685       -0.01       
105          0.9649       0.0007       0.9649       0.04        
106          0.9624       0.0013       0.9624       0.08        
107          0.9612       0.0015       0.9612       0.09        
108          0.9727       -0.0040      0.9727       -0.24       
109          0.9641       -0.0022      0.9641       -0.13       
110          0.9568       -0.0005      0.9568       -0.03       
111          0.9519       0.0006       0.9519       0.03        
112          0.9483       0.0014       0.9483       0.09        
113          0.9459       0.0020       0.9459       0.12        
114          0.9550       0.0001       0.9550       0.00        
115          0.9632       -0.0018      0.9632       -0.11       
116          0.9559       -0.0003      0.9559       -0.02       
117          0.9510       0.0009       0.9510       0.05        
118          0.9474       0.0018       0.9474       0.11        
119          0.9450       0.0023       0.9450       0.14        
120          0.9541       0.0003       0.9541       0.02        
121          0.9632       -0.0019      0.9632       -0.11       
122          0.9559       -0.0003      0.9559       -0.02       
123          0.9510       0.0009       0.9510       0.05        
124          0.9473       0.0017       0.9473       0.10        
125          0.9450       0.0023       0.9450       0.14        
126          0.9541       0.0004       0.9541       0.02        
127          0.9727       -0.0040      0.9727       -0.24       
128          0.9646       -0.0024      0.9646       -0.14       
129          0.9577       -0.0011      0.9577       -0.06       
130          0.9520       0.0001       0.9520       0.00        
131          0.9476       0.0009       0.9476       0.06        
132          0.9445       0.0016       0.9445       0.09        
133          0.9432       0.0018       0.9432       0.11        
134          0.9637       -0.0021      0.9637       -0.12       
135          0.9568       -0.0008      0.9568       -0.05       
136          0.9511       0.0004       0.9511       0.02        
137          0.9467       0.0012       0.9467       0.07        
138          0.9426       0.0021       0.9426       0.13        
139          0.9423       0.0021       0.9423       0.13        
140          0.9637       -0.0021      0.9637       -0.13       
141          0.9567       -0.0008      0.9567       -0.05       
142          0.9511       0.0004       0.9511       0.02        
143          0.9467       0.0012       0.9467       0.07        
144          0.9435       0.0018       0.9435       0.11        
145          0.9423       0.0021       0.9423       0.13        
146          0.9698       -0.0035      0.9698       -0.21       
147          0.9625       -0.0020      0.9625       -0.12       
148          0.9564       -0.0006      0.9564       -0.04       
149          0.9514       0.0004       0.9514       0.03        
150          0.9477       0.0012       0.9477       0.07        
151          0.9453       0.0018       0.9453       0.11        
152          0.9440       0.0020       0.9440       0.12        
153          0.9616       -0.0017      0.9616       -0.10       
154          0.9555       -0.0003      0.9555       -0.02       
155          0.9505       0.0008       0.9505       0.05        
156          0.9468       0.0016       0.9468       0.09        
157          0.9444       0.0021       0.9444       0.13        
158          0.9692       -0.0034      0.9692       -0.20       
159          0.9616       -0.0017      0.9616       -0.10       
160          0.9554       -0.0003      0.9554       -0.02       
161          0.9505       0.0007       0.9505       0.04        
162          0.9468       0.0015       0.9468       0.09        
163          0.9443       0.0021       0.9443       0.13        
164          0.9431       0.0023       0.9431       0.14        
165          0.9698       -0.0035      0.9698       -0.21       
166          0.9618       -0.0018      0.9618       -0.11       
167          0.9551       -0.0004      0.9551       -0.02       
168          0.9495       0.0008       0.9495       0.05        
169          0.9458       0.0016       0.9458       0.09        
170          0.9433       0.0021       0.9433       0.13        
171          0.9421       0.0023       0.9421       0.14        
172          0.9610       -0.0015      0.9610       -0.09       
173          0.9541       -0.0001      0.9541       -0.01       
174          0.9486       0.0011       0.9486       0.07        
175          0.9449       0.0019       0.9449       0.11        
176          0.9424       0.0024       0.9424       0.14        
177          0.9412       0.0026       0.9412       0.16        
178          0.9609       -0.0016      0.9609       -0.09       
179          0.9541       -0.0001      0.9541       -0.01       
180          0.9486       0.0011       0.9486       0.07        
181          0.9448       0.0019       0.9448       0.11        
182          0.9423       0.0024       0.9423       0.14        
183          0.9412       0.0027       0.9412       0.16        
184          0.9660       -0.0040      0.9660       -0.24       
185          0.9606       -0.0027      0.9606       -0.16       
186          0.9564       -0.0016      0.9564       -0.10       
187          0.9534       -0.0009      0.9534       -0.05       
188          0.9522       -0.0006      0.9522       -0.03       
189          0.9596       -0.0024      0.9596       -0.14       
190          0.9555       -0.0013      0.9555       -0.08       
191          0.9515       -0.0002      0.9515       -0.01       
192          0.9513       -0.0002      0.9513       -0.01       
193          0.9596       -0.0024      0.9596       -0.14       
194          0.9555       -0.0013      0.9555       -0.08       
195          0.9525       -0.0005      0.9525       -0.03       
196          0.9513       -0.0002      0.9513       -0.01       
197          0.9624       -0.0044      0.9624       -0.26       
198          0.9568       -0.0031      0.9568       -0.18       
199          0.9524       -0.0021      0.9524       -0.12       
200          0.9499       -0.0014      0.9499       -0.09       
201          0.9486       -0.0011      0.9486       -0.07       
202          0.9559       -0.0027      0.9560       -0.16       
203          0.9505       -0.0014      0.9505       -0.08       
204          0.9489       -0.0011      0.9489       -0.07       
205          0.9476       -0.0008      0.9476       -0.05       
206          0.9559       -0.0027      0.9560       -0.16       
207          0.9515       -0.0018      0.9515       -0.11       
208          0.9489       -0.0011      0.9489       -0.07       
209          0.9476       -0.0008      0.9476       -0.05       
210          0.9619       -0.0043      0.9619       -0.26       
211          0.9578       -0.0032      0.9578       -0.19       
212          0.9554       -0.0026      0.9554       -0.16       
213          0.9543       -0.0023      0.9543       -0.14       
214          0.9569       -0.0029      0.9569       -0.18       
215          0.9545       -0.0023      0.9545       -0.14       
216          0.9569       -0.0029      0.9569       -0.17       
217          0.9569       -0.0029      0.9569       -0.18       
218          0.9546       -0.0023      0.9546       -0.14       
219          0.9534       -0.0020      0.9534       -0.12       
220          0.9610       -0.0042      0.9610       -0.25       
221          0.9556       -0.0029      0.9556       -0.17       
222          0.9520       -0.0020      0.9520       -0.12       
223          0.9496       -0.0014      0.9496       -0.08       
224          0.9484       -0.0011      0.9484       -0.07       
225          0.9538       -0.0023      0.9538       -0.14       
226          0.9511       -0.0016      0.9511       -0.10       
227          0.9487       -0.0010      0.9487       -0.06       
228          0.9474       -0.0007      0.9474       -0.04       
229          0.9546       -0.0026      0.9547       -0.15       
230          0.9511       -0.0016      0.9511       -0.10       
231          0.9487       -0.0010      0.9487       -0.06       
232          0.9475       -0.0008      0.9475       -0.05       
233          0.9574       -0.0048      0.9574       -0.29       
234          0.9525       -0.0035      0.9525       -0.21       
235          0.9489       -0.0026      0.9489       -0.16       
236          0.9549       -0.0041      0.9549       -0.25       
237          0.9537       -0.0038      0.9538       -0.23       
238          0.9516       -0.0032      0.9516       -0.19       
239          0.9480       -0.0022      0.9480       -0.14       
240          0.9540       -0.0038      0.9541       -0.23       
241          0.9529       -0.0035      0.9529       -0.21       
242          0.9516       -0.0032      0.9516       -0.19       
243          0.9480       -0.0022      0.9480       -0.13       
244          0.9540       -0.0038      0.9540       -0.23       
245          0.9528       -0.0035      0.9528       -0.21       
246          0.9560       -0.0054      0.9560       -0.32       
247          0.9480       -0.0035      0.9481       -0.21       
248          0.9413       -0.0019      0.9413       -0.11       
249          0.9363       -0.0007      0.9363       -0.04       
250          0.9326       0.0002       0.9326       0.01        
251          0.9301       0.0008       0.9301       0.05        
252          0.9289       0.0011       0.9289       0.07        
253          0.9471       -0.0031      0.9471       -0.19       
254          0.9394       -0.0012      0.9394       -0.07       
255          0.9354       -0.0003      0.9354       -0.02       
256          0.9317       0.0005       0.9317       0.03        
257          0.9291       0.0011       0.9291       0.07        
258          0.9280       0.0014       0.9280       0.08        
259          0.9471       -0.0031      0.9471       -0.19       
260          0.9404       -0.0016      0.9404       -0.10       
261          0.9354       -0.0003      0.9354       -0.02       
262          0.9316       0.0005       0.9316       0.03        
263          0.9292       0.0011       0.9292       0.07        
264          0.9280       0.0014       0.9280       0.09        
265          0.9551       -0.0056      0.9551       -0.34       
266          0.9503       -0.0044      0.9504       -0.27       
267          0.9468       -0.0035      0.9468       -0.21       
268          0.9444       -0.0029      0.9444       -0.18       
269          0.9432       -0.0026      0.9432       -0.16       
270          0.9495       -0.0041      0.9495       -0.25       
271          0.9459       -0.0032      0.9459       -0.19       
272          0.9435       -0.0026      0.9435       -0.16       
273          0.9423       -0.0023      0.9423       -0.14       
274          0.9494       -0.0041      0.9495       -0.25       
275          0.9459       -0.0032      0.9459       -0.19       
276          0.9435       -0.0026      0.9435       -0.16       
277          0.9542       -0.0053      0.9543       -0.32       
278          0.9543       -0.0057      0.9543       -0.34       
279          0.9487       -0.0043      0.9487       -0.26       
280          0.9449       -0.0034      0.9449       -0.21       
281          0.9424       -0.0028      0.9424       -0.17       
282          0.9411       -0.0025      0.9411       -0.15       
283          0.9469       -0.0036      0.9469       -0.22       
284          0.9440       -0.0031      0.9440       -0.19       
285          0.9414       -0.0024      0.9414       -0.15       
286          0.9401       -0.0021      0.9401       -0.13       
287          0.9478       -0.0040      0.9478       -0.24       
288          0.9440       -0.0030      0.9440       -0.18       
289          0.9414       -0.0024      0.9414       -0.15       
290          0.9401       -0.0021      0.9401       -0.13       
291          0.9530       -0.0063      0.9530       -0.38       
292          0.9475       -0.0048      0.9475       -0.29       
293          0.9438       -0.0038      0.9438       -0.23       
294          0.9413       -0.0031      0.9413       -0.19       
295          0.9401       -0.0028      0.9401       -0.17       
296          0.9465       -0.0045      0.9466       -0.27       
297          0.9429       -0.0034      0.9429       -0.21       
298          0.9404       -0.0027      0.9404       -0.17       
299          0.9392       -0.0024      0.9392       -0.15       
300          0.9456       -0.0041      0.9456       -0.25       
301          0.9429       -0.0034      0.9429       -0.21       
302          0.9404       -0.0027      0.9404       -0.17       
303          0.9392       -0.0024      0.9392       -0.15       
304          0.9527       -0.0063      0.9527       -0.38       
305          0.9459       -0.0047      0.9459       -0.28       
306          0.9403       -0.0033      0.9403       -0.20       
307          0.9360       -0.0022      0.9360       -0.14       
308          0.9329       -0.0015      0.9329       -0.09       
309          0.9311       -0.0011      0.9311       -0.07       
310          0.9449       -0.0043      0.9449       -0.26       
311          0.9394       -0.0029      0.9394       -0.18       
312          0.9350       -0.0019      0.9350       -0.12       
313          0.9320       -0.0011      0.9320       -0.07       
314          0.9301       -0.0008      0.9301       -0.05       
315          0.9450       -0.0043      0.9450       -0.26       
316          0.9394       -0.0030      0.9394       -0.18       
317          0.9351       -0.0019      0.9351       -0.12       
318          0.9320       -0.0012      0.9320       -0.07       
319          0.9302       -0.0008      0.9302       -0.05       
320          0.9982       -0.0001      0.9982       -0.00       
321          0.9917       0.0015       0.9917       0.09        
322          0.9870       0.0027       0.9870       0.15        
323          0.9834       0.0035       0.9834       0.20        
324          0.9811       0.0040       0.9811       0.24        
325          0.9799       0.0043       0.9799       0.25        
326          0.9899       0.0021       0.9899       0.12        
327          0.9861       0.0030       0.9861       0.17        
328          0.9826       0.0038       0.9826       0.22        
329          0.9802       0.0043       0.9802       0.25        
330          0.9789       0.0047       0.9790       0.27        
331          0.9908       0.0018       0.9908       0.10        
332          0.9861       0.0030       0.9861       0.17        
333          0.9825       0.0038       0.9825       0.22        
334          0.9801       0.0043       0.9801       0.25        
335          0.9790       0.0046       0.9790       0.27        
336          0.9964       -0.0005      0.9964       -0.03       
337          0.9905       0.0009       0.9905       0.05        
338          0.9858       0.0021       0.9858       0.12        
339          0.9822       0.0030       0.9822       0.17        
340          0.9798       0.0036       0.9798       0.21        
341          0.9787       0.0039       0.9787       0.23        
342          0.9896       0.0013       0.9896       0.07        
343          0.9848       0.0024       0.9848       0.14        
344          0.9813       0.0033       0.9813       0.19        
345          0.9789       0.0039       0.9789       0.23        
346          0.9778       0.0042       0.9778       0.25        
347          0.9897       0.0012       0.9897       0.07        
348          0.9849       0.0024       0.9849       0.14        
349          0.9813       0.0033       0.9813       0.19        
350          0.9789       0.0039       0.9789       0.23        
351          0.9778       0.0042       0.9778       0.25        
352          0.9960       -0.0007      0.9960       -0.04       
353          0.9900       0.0008       0.9900       0.05        
354          0.9851       0.0019       0.9851       0.11        
355          0.9815       0.0028       0.9815       0.16        
356          0.9790       0.0034       0.9790       0.20        
357          0.9778       0.0037       0.9778       0.21        
358          0.9891       0.0011       0.9891       0.07        
359          0.9842       0.0022       0.9842       0.13        
360          0.9806       0.0031       0.9806       0.18        
361          0.9781       0.0037       0.9781       0.22        
362          0.9768       0.0040       0.9768       0.23        
363          0.9891       0.0011       0.9891       0.06        
364          0.9843       0.0023       0.9843       0.13        
365          0.9805       0.0031       0.9805       0.18        
366          0.9781       0.0037       0.9781       0.22        
367          0.9768       0.0040       0.9768       0.23        
368          0.9957       -0.0008      0.9957       -0.05       
369          0.9897       0.0006       0.9897       0.04        
370          0.9849       0.0017       0.9849       0.10        
371          0.9813       0.0026       0.9813       0.15        
372          0.9788       0.0031       0.9788       0.18        
373          0.9776       0.0034       0.9776       0.20        
374          0.9888       0.0010       0.9888       0.06        
375          0.9839       0.0020       0.9840       0.12        
376          0.9804       0.0029       0.9804       0.17        
377          0.9779       0.0034       0.9779       0.20        
378          0.9767       0.0037       0.9767       0.22        
379          0.9889       0.0009       0.9889       0.05        
380          0.9840       0.0021       0.9840       0.12        
381          0.9803       0.0029       0.9803       0.17        
382          0.9779       0.0035       0.9779       0.20        
383          0.9767       0.0037       0.9767       0.22        
384          0.9897       -0.0001      0.9897       -0.01       
385          0.9838       0.0013       0.9838       0.07        
386          0.9791       0.0024       0.9791       0.14        
387          0.9755       0.0032       0.9755       0.19        
388          0.9731       0.0038       0.9731       0.22        
389          0.9719       0.0040       0.9719       0.24        
390          0.9829       0.0016       0.9829       0.09        
391          0.9782       0.0027       0.9782       0.16        
392          0.9746       0.0035       0.9746       0.21        
393          0.9722       0.0041       0.9722       0.24        
394          0.9711       0.0043       0.9711       0.26        
395          0.9829       0.0016       0.9829       0.09        
396          0.9782       0.0027       0.9782       0.16        
397          0.9746       0.0035       0.9746       0.21        
398          0.9722       0.0041       0.9722       0.24        
399          0.9710       0.0043       0.9711       0.25        
400          0.9863       -0.0007      0.9863       -0.04       
401          0.9793       0.0009       0.9793       0.06        
402          0.9734       0.0023       0.9734       0.14        
403          0.9686       0.0034       0.9686       0.20        
404          0.9650       0.0042       0.9650       0.25        
405          0.9626       0.0047       0.9626       0.28        
406          0.9615       0.0050       0.9615       0.30        
407          0.9784       0.0013       0.9784       0.07        
408          0.9725       0.0026       0.9725       0.16        
409          0.9677       0.0037       0.9677       0.22        
410          0.9641       0.0045       0.9641       0.27        
411          0.9618       0.0050       0.9618       0.30        
412          0.9606       0.0053       0.9606       0.32        
413          0.9784       0.0012       0.9784       0.07        
414          0.9725       0.0026       0.9725       0.15        
415          0.9677       0.0037       0.9677       0.22        
416          0.9641       0.0045       0.9641       0.27        
417          0.9617       0.0051       0.9617       0.30        
418          0.9606       0.0053       0.9606       0.32        
419          0.9863       -0.0007      0.9863       -0.04       
420          0.9791       0.0009       0.9791       0.05        
421          0.9731       0.0022       0.9731       0.13        
422          0.9682       0.0032       0.9682       0.19        
423          0.9645       0.0040       0.9645       0.24        
424          0.9621       0.0045       0.9621       0.27        
425          0.9608       0.0048       0.9609       0.28        
426          0.9782       0.0011       0.9782       0.07        
427          0.9722       0.0025       0.9722       0.15        
428          0.9674       0.0035       0.9674       0.21        
429          0.9636       0.0043       0.9636       0.25        
430          0.9612       0.0048       0.9612       0.29        
431          0.9599       0.0051       0.9599       0.30        
432          0.9782       0.0012       0.9782       0.07        
433          0.9722       0.0025       0.9722       0.15        
434          0.9673       0.0035       0.9673       0.21        
435          0.9636       0.0043       0.9636       0.26        
436          0.9611       0.0048       0.9611       0.29        
437          0.9599       0.0050       0.9599       0.30        
438          0.9863       -0.0007      0.9863       -0.04       
439          0.9792       0.0009       0.9792       0.05        
440          0.9732       0.0023       0.9732       0.13        
441          0.9684       0.0033       0.9684       0.20        
442          0.9648       0.0042       0.9648       0.25        
443          0.9624       0.0047       0.9624       0.28        
444          0.9612       0.0050       0.9613       0.30        
445          0.9783       0.0012       0.9783       0.07        
446          0.9722       0.0025       0.9722       0.15        
447          0.9674       0.0037       0.9674       0.22        
448          0.9639       0.0045       0.9639       0.27        
449          0.9615       0.0050       0.9615       0.30        
450          0.9604       0.0053       0.9604       0.32        
451          0.9783       0.0012       0.9783       0.07        
452          0.9723       0.0026       0.9723       0.15        
453          0.9674       0.0036       0.9674       0.22        
454          0.9639       0.0045       0.9639       0.27        
455          0.9615       0.0050       0.9615       0.30        
456          0.9603       0.0053       0.9604       0.32        
457          0.9863       -0.0007      0.9863       -0.04       
458          0.9792       0.0010       0.9792       0.06        
459          0.9733       0.0023       0.9733       0.14        
460          0.9686       0.0035       0.9686       0.20        
461          0.9651       0.0043       0.9651       0.25        
462          0.9627       0.0048       0.9627       0.29        
463          0.9615       0.0051       0.9616       0.30        
464          0.9784       0.0013       0.9784       0.07        
465          0.9724       0.0027       0.9724       0.16        
466          0.9677       0.0038       0.9677       0.22        
467          0.9641       0.0046       0.9641       0.27        
468          0.9618       0.0051       0.9618       0.31        
469          0.9607       0.0054       0.9607       0.32        
470          0.9783       0.0013       0.9783       0.08        
471          0.9724       0.0027       0.9724       0.16        
472          0.9677       0.0038       0.9677       0.22        
473          0.9642       0.0046       0.9642       0.27        
474          0.9618       0.0051       0.9618       0.31        
475          0.9607       0.0054       0.9607       0.32        
476          0.9847       -0.0010      0.9847       -0.06       
477          0.9776       0.0007       0.9776       0.04        
478          0.9717       0.0021       0.9717       0.12        
479          0.9670       0.0032       0.9670       0.19        
480          0.9635       0.0041       0.9635       0.24        
481          0.9611       0.0046       0.9611       0.28        
482          0.9599       0.0049       0.9599       0.29        
483          0.9768       0.0010       0.9768       0.06        
484          0.9708       0.0025       0.9708       0.14        
485          0.9661       0.0035       0.9661       0.21        
486          0.9626       0.0044       0.9626       0.26        
487          0.9602       0.0050       0.9602       0.30        
488          0.9590       0.0052       0.9591       0.31        
489          0.9768       0.0010       0.9768       0.06        
490          0.9708       0.0024       0.9708       0.14        
491          0.9660       0.0036       0.9660       0.21        
492          0.9626       0.0044       0.9626       0.26        
493          0.9602       0.0050       0.9602       0.30        
494          0.9591       0.0052       0.9591       0.31        
495          0.9847       -0.0010      0.9847       -0.06       
496          0.9776       0.0006       0.9776       0.04        
497          0.9717       0.0020       0.9717       0.12        
498          0.9669       0.0031       0.9669       0.19        
499          0.9633       0.0040       0.9633       0.24        
500          0.9609       0.0045       0.9610       0.27        
501          0.9598       0.0048       0.9598       0.29        
502          0.9767       0.0010       0.9767       0.06        
503          0.9708       0.0023       0.9708       0.14        
504          0.9660       0.0035       0.9660       0.21        
505          0.9624       0.0043       0.9624       0.26        
506          0.9601       0.0048       0.9601       0.29        
507          0.9589       0.0051       0.9589       0.31        
508          0.9767       0.0010       0.9767       0.06        
509          0.9707       0.0024       0.9707       0.14        
510          0.9660       0.0035       0.9660       0.20        
511          0.9624       0.0043       0.9625       0.26        
512          0.9600       0.0049       0.9600       0.29        
513          0.9589       0.0051       0.9589       0.31        
514          0.9847       -0.0010      0.9847       -0.06       
515          0.9775       0.0007       0.9775       0.04        
516          0.9714       0.0021       0.9714       0.12        
517          0.9666       0.0032       0.9666       0.19        
518          0.9630       0.0040       0.9630       0.24        
519          0.9606       0.0046       0.9606       0.27        
520          0.9594       0.0048       0.9594       0.29        
521          0.9766       0.0010       0.9766       0.06        
522          0.9705       0.0024       0.9705       0.14        
523          0.9657       0.0035       0.9657       0.21        
524          0.9621       0.0043       0.9621       0.26        
525          0.9597       0.0049       0.9597       0.29        
526          0.9585       0.0051       0.9585       0.31        
527          0.9766       0.0010       0.9766       0.06        
528          0.9705       0.0024       0.9705       0.14        
529          0.9657       0.0035       0.9657       0.21        
530          0.9621       0.0043       0.9621       0.26        
531          0.9597       0.0049       0.9597       0.29        
532          0.9585       0.0051       0.9585       0.31        
533          0.9847       -0.0010      0.9847       -0.06       
534          0.9775       0.0007       0.9775       0.04        
535          0.9715       0.0020       0.9715       0.12        
536          0.9667       0.0032       0.9667       0.19        
537          0.9630       0.0040       0.9631       0.24        
538          0.9606       0.0046       0.9606       0.27        
539          0.9594       0.0049       0.9594       0.29        
540          0.9766       0.0010       0.9766       0.06        
541          0.9705       0.0024       0.9705       0.14        
542          0.9658       0.0034       0.9658       0.20        
543          0.9621       0.0043       0.9622       0.26        
544          0.9597       0.0049       0.9597       0.29        
545          0.9585       0.0052       0.9585       0.31        
546          0.9766       0.0010       0.9766       0.06        
547          0.9705       0.0024       0.9705       0.14        
548          0.9658       0.0035       0.9658       0.21        
549          0.9621       0.0044       0.9621       0.26        
550          0.9597       0.0049       0.9597       0.29        
551          0.9585       0.0052       0.9585       0.31        
552          0.9740       -0.0019      0.9740       -0.11       
553          0.9704       -0.0010      0.9704       -0.06       
554          0.9680       -0.0004      0.9680       -0.02       
555          0.9668       -0.0001      0.9668       -0.01       
556          0.9668       -0.0001      0.9668       -0.01       
557          0.9731       -0.0015      0.9731       -0.09       
558          0.9695       -0.0006      0.9695       -0.04       
559          0.9671       -0.0001      0.9671       -0.00       
560          0.9659       0.0002       0.9659       0.01        
561          0.9731       -0.0015      0.9731       -0.09       
562          0.9696       -0.0006      0.9696       -0.04       
563          0.9671       -0.0001      0.9671       -0.00       
564          0.9659       0.0002       0.9659       0.01        
565          0.9730       -0.0018      0.9730       -0.11       
566          0.9682       -0.0007      0.9682       -0.04       
567          0.9646       0.0001       0.9646       0.01        
568          0.9622       0.0007       0.9622       0.04        
569          0.9610       0.0010       0.9610       0.06        
570          0.9673       -0.0004      0.9673       -0.02       
571          0.9637       0.0005       0.9637       0.03        
572          0.9613       0.0010       0.9613       0.06        
573          0.9601       0.0013       0.9601       0.08        
574          0.9672       -0.0004      0.9672       -0.02       
575          0.9636       0.0005       0.9636       0.03        
576          0.9612       0.0010       0.9612       0.06        
577          0.9602       0.0013       0.9602       0.08        
578          0.9688       -0.0029      0.9688       -0.17       
579          0.9640       -0.0017      0.9640       -0.10       
580          0.9604       -0.0008      0.9604       -0.05       
581          0.9579       -0.0002      0.9579       -0.01       
582          0.9567       0.0001       0.9567       0.01        
583          0.9631       -0.0014      0.9631       -0.08       
584          0.9594       -0.0005      0.9594       -0.03       
585          0.9570       0.0001       0.9570       0.01        
586          0.9558       0.0005       0.9558       0.03        
587          0.9630       -0.0014      0.9630       -0.08       
588          0.9594       -0.0005      0.9594       -0.03       
589          0.9570       0.0001       0.9570       0.01        
590          0.9558       0.0005       0.9558       0.03        
591          0.9659       -0.0036      0.9659       -0.21       
592          0.9585       -0.0018      0.9585       -0.11       
593          0.9523       -0.0003      0.9523       -0.02       
594          0.9473       0.0008       0.9473       0.05        
595          0.9436       0.0017       0.9436       0.10        
596          0.9412       0.0023       0.9412       0.14        
597          0.9399       0.0026       0.9399       0.16        
598          0.9576       -0.0015      0.9576       -0.09       
599          0.9514       -0.0000      0.9514       -0.00       
600          0.9464       0.0012       0.9464       0.07        
601          0.9426       0.0020       0.9426       0.12        
602          0.9402       0.0027       0.9402       0.16        
603          0.9390       0.0029       0.9390       0.18        
604          0.9576       -0.0016      0.9576       -0.09       
605          0.9514       -0.0000      0.9514       -0.00       
606          0.9464       0.0011       0.9464       0.07        
607          0.9427       0.0020       0.9427       0.12        
608          0.9403       0.0027       0.9403       0.16        
609          0.9389       0.0029       0.9389       0.17        
610          0.9645       -0.0036      0.9645       -0.21       
611          0.9571       -0.0020      0.9571       -0.12       
612          0.9508       -0.0007      0.9508       -0.04       
613          0.9458       0.0003       0.9458       0.02        
614          0.9421       0.0010       0.9421       0.06        
615          0.9396       0.0016       0.9396       0.10        
616          0.9384       0.0018       0.9384       0.11        
617          0.9561       -0.0017      0.9561       -0.10       
618          0.9499       -0.0004      0.9499       -0.03       
619          0.9449       0.0006       0.9449       0.03        
620          0.9411       0.0013       0.9411       0.08        
621          0.9386       0.0019       0.9386       0.11        
622          0.9374       0.0021       0.9374       0.13        
623          0.9561       -0.0017      0.9562       -0.10       
624          0.9499       -0.0004      0.9499       -0.03       
625          0.9449       0.0006       0.9449       0.03        
626          0.9411       0.0013       0.9411       0.08        
627          0.9386       0.0019       0.9386       0.11        
628          0.9375       0.0021       0.9375       0.13        
629          0.9645       -0.0036      0.9645       -0.21       
630          0.9572       -0.0018      0.9572       -0.11       
631          0.9510       -0.0003      0.9510       -0.02       
632          0.9460       0.0009       0.9460       0.05        
633          0.9423       0.0018       0.9423       0.11        
634          0.9398       0.0024       0.9398       0.15        
635          0.9386       0.0027       0.9386       0.17        
636          0.9562       -0.0014      0.9562       -0.09       
637          0.9501       0.0000       0.9501       0.00        
638          0.9451       0.0012       0.9451       0.07        
639          0.9413       0.0021       0.9413       0.13        
640          0.9389       0.0027       0.9389       0.17        
641          0.9376       0.0031       0.9376       0.19        
642          0.9563       -0.0015      0.9563       -0.09       
643          0.9501       0.0000       0.9501       0.00        
644          0.9450       0.0012       0.9450       0.07        
645          0.9414       0.0021       0.9414       0.13        
646          0.9389       0.0027       0.9389       0.17        
647          0.9376       0.0030       0.9376       0.19        
648          0.9624       -0.0042      0.9624       -0.25       
649          0.9564       -0.0028      0.9564       -0.17       
650          0.9515       -0.0016      0.9515       -0.09       
651          0.9479       -0.0007      0.9479       -0.04       
652          0.9455       -0.0000      0.9455       -0.00       
653          0.9444       0.0003       0.9444       0.02        
654          0.9555       -0.0024      0.9555       -0.15       
655          0.9506       -0.0012      0.9506       -0.08       
656          0.9470       -0.0003      0.9470       -0.02       
657          0.9447       0.0003       0.9447       0.02        
658          0.9435       0.0006       0.9435       0.04        
659          0.9554       -0.0024      0.9554       -0.15       
660          0.9506       -0.0012      0.9506       -0.08       
661          0.9470       -0.0003      0.9470       -0.02       
662          0.9446       0.0003       0.9446       0.02        
663          0.9434       0.0006       0.9434       0.04        
664          0.9624       -0.0042      0.9624       -0.25       
665          0.9562       -0.0027      0.9562       -0.16       
666          0.9512       -0.0015      0.9512       -0.09       
667          0.9474       -0.0005      0.9474       -0.03       
668          0.9449       0.0001       0.9449       0.00        
669          0.9437       0.0004       0.9437       0.02        
670          0.9553       -0.0024      0.9553       -0.14       
671          0.9503       -0.0012      0.9503       -0.07       
672          0.9465       -0.0002      0.9465       -0.01       
673          0.9440       0.0004       0.9440       0.02        
674          0.9427       0.0008       0.9427       0.05        
675          0.9553       -0.0024      0.9553       -0.14       
676          0.9503       -0.0012      0.9503       -0.07       
677          0.9465       -0.0002      0.9465       -0.01       
678          0.9440       0.0004       0.9440       0.03        
679          0.9427       0.0008       0.9427       0.05        
680          0.9619       -0.0044      0.9619       -0.26       
681          0.9544       -0.0028      0.9545       -0.17       
682          0.9482       -0.0014      0.9482       -0.09       
683          0.9432       -0.0003      0.9432       -0.02       
684          0.9395       0.0005       0.9395       0.03        
685          0.9370       0.0011       0.9370       0.07        
686          0.9358       0.0014       0.9358       0.09        
687          0.9535       -0.0025      0.9535       -0.15       
688          0.9473       -0.0011      0.9473       -0.07       
689          0.9423       -0.0000      0.9423       -0.00       
690          0.9385       0.0008       0.9385       0.05        
691          0.9361       0.0015       0.9361       0.09        
692          0.9349       0.0018       0.9349       0.11        
693          0.9535       -0.0025      0.9535       -0.15       
694          0.9473       -0.0011      0.9473       -0.07       
695          0.9423       -0.0000      0.9423       -0.00       
696          0.9385       0.0008       0.9385       0.05        
697          0.9361       0.0014       0.9361       0.09        
698          0.9349       0.0017       0.9349       0.11        
699          0.9619       -0.0044      0.9619       -0.26       
700          0.9544       -0.0029      0.9544       -0.17       
701          0.9481       -0.0016      0.9481       -0.10       
702          0.9430       -0.0006      0.9430       -0.04       
703          0.9392       0.0002       0.9392       0.01        
704          0.9366       0.0007       0.9366       0.04        
705          0.9353       0.0009       0.9353       0.06        
706          0.9535       -0.0026      0.9535       -0.15       
707          0.9472       -0.0013      0.9472       -0.08       
708          0.9420       -0.0003      0.9420       -0.02       
709          0.9382       0.0004       0.9382       0.03        
710          0.9357       0.0009       0.9357       0.06        
711          0.9344       0.0012       0.9344       0.07        
712          0.9535       -0.0026      0.9535       -0.16       
713          0.9471       -0.0013      0.9471       -0.08       
714          0.9420       -0.0003      0.9420       -0.02       
715          0.9382       0.0004       0.9382       0.03        
716          0.9357       0.0009       0.9357       0.06        
717          0.9343       0.0012       0.9344       0.07        
718          0.9618       -0.0045      0.9618       -0.27       
719          0.9569       -0.0034      0.9569       -0.20       
720          0.9533       -0.0026      0.9533       -0.16       
721          0.9509       -0.0020      0.9509       -0.12       
722          0.9496       -0.0018      0.9496       -0.11       
723          0.9560       -0.0031      0.9560       -0.19       
724          0.9523       -0.0023      0.9524       -0.14       
725          0.9500       -0.0017      0.9500       -0.10       
726          0.9487       -0.0015      0.9487       -0.09       
727          0.9560       -0.0031      0.9560       -0.18       
728          0.9524       -0.0022      0.9524       -0.13       
729          0.9499       -0.0017      0.9499       -0.11       
730          0.9487       -0.0015      0.9487       -0.09       
